$0487346C 12409   D 13704   MH04FK240 V-Navghar01V-Navghar01105 380   NCBX VVMT v1.5  


$0487346 01 124 00001593 016 008 01 00 00 00 0001000 12/07/18 06:38:13              00 0 0001000 0000000 C 12409    380 
0487346 01 124 00001594 016 003 01 00 00 00 0001100 12/07/18 06:38:21              00 0 0001100 0000000 C 12409    380 
0487346 01 124 00001595 016 003 01 00 00 00 0001100 12/07/18 06:38:30              00 0 0001100 0000000 C 12409    380 
0487346 01 124 CARD1596 016 003 01 00 00 00 0001100 12/07/18 06:38:38 2644         03 0 0000000 0000000 C 12409    380 
0487346 01 124 CARD1597 016 003 01 00 00 00 0001100 12/07/18 06:38:50 8117         03 0 0000000 0000000 C 12409    380 
0487346 01 124 00001598 016 003 02 00 00 00 0002200 12/07/18 06:39:04              00 0 0002200 0000000 C 12409    380 
0487346 01 124 00001599 016 003 01 00 00 00 0001100 12/07/18 06:39:24              00 0 0001100 0000000 C 12409    380 
0487346 01 124 00001600 016 003 01 00 00 00 0001100 12/07/18 06:39:30              00 0 0001100 0000000 C 12409    380 
0487346 01 124 00001601 016 003 01 00 00 00 0001100 12/07/18 06:39:42              00 0 0001100 0000000 C 12409    380 
0487346 01 124 00001602 016 008 01 00 00 00 0001000 12/07/18 06:39:48              00 0 0001000 0000000 C 12409    380 
0487346 01 124 00001603 016 008 01 00 00 00 0001000 12/07/18 06:39:53              00 0 0001000 0000000 C 12409    380 
0487346 01 124 00001604 016 003 02 00 00 00 0002200 12/07/18 06:40:08              00 0 0002200 0000000 C 12409    380 
0487346 01 124 00001605 016 003 01 00 00 00 0001100 12/07/18 06:40:21              00 0 0001100 0000000 C 12409    380 
0487346 01 124 00001606 016 003 02 00 00 00 0002200 12/07/18 06:40:28              00 0 0002200 0000000 C 12409    380 
0487346 01 124 00001607 016 003 01 00 00 00 0001100 12/07/18 06:40:50              00 0 0001100 0000000 C 12409    380 
0487346 01 124 00001608 016 003 02 00 00 00 0002200 12/07/18 06:40:59              00 0 0002200 0000000 C 12409    380 
0487346 01 124 00001609 016 003 02 00 00 00 0002200 12/07/18 06:42:25              00 0 0002200 0000000 C 12409    380 
0487346 01 124 00001610 016 003 01 00 00 00 0001100 12/07/18 06:43:00              00 0 0001100 0000000 C 12409    380 
0487346 01 124 00001611 016 003 01 00 00 00 0001100 12/07/18 06:43:08              00 0 0001100 0000000 C 12409    380 
0487346 01 124 00001612 016 008 01 00 00 00 0001000 12/07/18 06:43:20              00 0 0001000 0000000 C 12409    380 
0487346 01 124 00001613 016 003 01 00 00 00 0001100 12/07/18 06:43:27              00 0 0001100 0000000 C 12409    380 
0487346 01 124 00001614 016 003 01 00 00 00 0001100 12/07/18 06:43:41              00 0 0001100 0000000 C 12409    380 
0487346 01 124 00001615 016 008 01 00 00 00 0001000 12/07/18 06:43:54              00 0 0001000 0000000 C 12409    380 
0487346 01 124 00001616 016 003 01 00 00 00 0001100 12/07/18 06:44:09              00 0 0001100 0000000 C 12409    380 
0487346 01 124 00001617 016 008 01 00 00 00 0001000 12/07/18 06:44:17              00 0 0001000 0000000 C 12409    380 
0487346 01 124 00001618 012 003 01 00 00 00 0001000 12/07/18 06:44:32              00 0 0001000 0000000 C 12409    380 
0487346 01 124 00001619 016 003 01 00 00 00 0001100 12/07/18 06:44:46              00 0 0001100 0000000 C 12409    380 
0487346 01 124 00001620 012 003 01 00 00 00 0001000 12/07/18 06:45:11              00 0 0001000 0000000 C 12409    380 
0487346 01 124 00001621 016 008 01 00 00 00 0001000 12/07/18 06:45:23              00 0 0001000 0000000 C 12409    380 
0487346 01 124 00001622 016 003 02 00 00 00 0002200 12/07/18 06:45:45              00 0 0002200 0000000 C 12409    380 
0487346 01 124 00001623 016 003 01 00 00 00 0001100 12/07/18 06:46:16              00 0 0001100 0000000 C 12409    380 
0487346 01 124 00001624 012 003 01 00 00 00 0001000 12/07/18 06:46:27              00 0 0001000 0000000 C 12409    380 
0487346 01 124 00001625 016 003 01 00 00 00 0001100 12/07/18 06:46:40              00 0 0001100 0000000 C 12409    380 
0487346 01 124 00001626 016 003 01 00 00 00 0001100 12/07/18 06:46:52              00 0 0001100 0000000 C 12409    380 
0487346 01 124 00001627 016 003 03 00 00 00 0003300 12/07/18 06:47:16              00 0 0003300 0000000 C 12409    380 
0487346 01 124 00001628 016 003 01 00 00 00 0001100 12/07/18 06:47:27              00 0 0001100 0000000 C 12409    380 
0487346 02 124 00001629 001 016 01 00 00 00 0001300 12/07/18 07:04:10              00 0 0001300 0000000 C 12409    380 
0487346 02 124 CARD1630 004 016 01 00 00 00 0001100 12/07/18 07:06:11 201604465    03 0 0000000 0000000 C 12409    380 
0487346 02 124 00001631 004 077 01 00 00 00 0005200 12/07/18 07:06:27              00 0 0005200 0000000 C 12409    380 
0487346 02 124 00001632 004 036 00 01 00 00 0000900 12/07/18 07:06:59              00 0 0000000 0000900 C 12409    380 
0487346 02 124 00001633 008 036 01 00 00 00 0001500 12/07/18 07:09:22              00 0 0001500 0000000 C 12409    380 
0487346 02 124 00001634 008 036 01 00 00 00 0001500 12/07/18 07:09:36              00 0 0001500 0000000 C 12409    380 
0487346 02 124 00001635 008 016 00 01 00 00 0000500 12/07/18 07:09:58              00 0 0000000 0000500 C 12409    380 
0487346 02 124 00001636 008 040 01 00 00 00 0001700 12/07/18 07:10:18              00 0 0001700 0000000 C 12409    380 
0487346 02 124 00001637 011 036 01 00 00 00 0001500 12/07/18 07:12:35              00 0 0001500 0000000 C 12409    380 
0487346 02 124 00001638 011 040 01 00 00 00 0001700 12/07/18 07:13:01              00 0 0001700 0000000 C 12409    380 
0487346 02 124 00001639 012 016 01 00 00 00 0000700 12/07/18 07:13:31              00 0 0000700 0000000 C 12409    380 
0487346 02 124 00001640 012 016 01 00 00 00 0000700 12/07/18 07:13:43              00 0 0000700 0000000 C 12409    380 
0487346 02 124 00001641 015 036 01 00 00 00 0001300 12/07/18 07:18:00              00 0 0001300 0000000 C 12409    380 
0487346 02 124 00001642 016 051 01 00 00 00 0001900 12/07/18 07:20:36              00 0 0001900 0000000 C 12409    380 
0487346 02 124 00001643 016 036 01 00 00 00 0001100 12/07/18 07:21:00              00 0 0001100 0000000 C 12409    380 
0487346 02 124 00001644 016 029 01 00 00 00 0001000 12/07/18 07:21:22              00 0 0001000 0000000 C 12409    380 
0487346 02 124 00001645 016 077 01 00 00 00 0004600 12/07/18 07:21:31              00 0 0004600 0000000 C 12409    380 
0487346 02 124 00001646 016 077 02 00 00 00 0009200 12/07/18 07:21:44              00 0 0009200 0000000 C 12409    380 
0487346 02 124 00001647 016 040 01 00 00 00 0001300 12/07/18 07:22:00              00 0 0001300 0000000 C 12409    380 
0487346 02 124 00001648 016 077 01 00 00 00 0004600 12/07/18 07:22:18              00 0 0004600 0000000 C 12409    380 
0487346 02 124 00001649 016 040 01 00 00 00 0001300 12/07/18 07:22:40              00 0 0001300 0000000 C 12409    380 
0487346 02 124 00001650 016 036 01 00 00 00 0001100 12/07/18 07:22:49              00 0 0001100 0000000 C 12409    380 
0487346 02 124 00001651 016 042 01 00 00 00 0001500 12/07/18 07:22:53              00 0 0001500 0000000 C 12409    380 
0487346 02 124 00001652 016 077 01 00 00 00 0004600 12/07/18 07:23:17              00 0 0004600 0000000 C 12409    380 
0487346 02 124 00001653 016 077 01 00 00 00 0004600 12/07/18 07:23:37              00 0 0004600 0000000 C 12409    380 
0487346 02 124 00001654 016 036 01 00 00 00 0001100 12/07/18 07:23:49              00 0 0001100 0000000 C 12409    380 
0487346 02 124 00001655 016 071 01 01 00 00 0005700 12/07/18 07:24:00              00 0 0003800 0001900 C 12409    380 
0487346 02 124 CARD1656 016 016 01 00 00 00 0000000 12/07/18 07:24:18 16046311     01 0 0000000 0000000 C 12409    380 
0487346 02 124 00001657 016 077 01 00 00 00 0004600 12/07/18 07:24:34              00 0 0004600 0000000 C 12409    380 
0487346 02 124 00001658 016 040 02 00 00 00 0002600 12/07/18 07:24:46              00 0 0002600 0000000 C 12409    380 
0487346 02 124 CARD1659 016 016 01 00 00 00 0000000 12/07/18 07:25:04 16045368     01 0 0000000 0000000 C 12409    380 
0487346 02 124 00001660 016 040 01 00 00 00 0001300 12/07/18 07:25:18              00 0 0001300 0000000 C 12409    380 
0487346 02 124 CARD1661 016 016 01 00 00 00 0000000 12/07/18 07:25:32 16044437     01 0 0000000 0000000 C 12409    380 
0487346 02 124 00001662 016 036 06 00 00 00 0006600 12/07/18 07:25:46              00 0 0006600 0000000 C 12409    380 
0487346 02 124 00001663 016 077 01 00 00 00 0004600 12/07/18 07:26:13              00 0 0004600 0000000 C 12409    380 
0487346 02 124 00001664 016 040 01 00 00 00 0001300 12/07/18 07:26:45              00 0 0001300 0000000 C 12409    380 
0487346 02 124 00001665 016 077 01 00 00 00 0004600 12/07/18 07:27:09              00 0 0004600 0000000 C 12409    380 
0487346 02 124 00001666 016 077 01 00 00 00 0004600 12/07/18 07:27:38              00 0 0004600 0000000 C 12409    380 
0487346 02 124 00001667 016 048 00 01 00 00 0000900 12/07/18 07:28:12              00 0 0000000 0000900 C 12409    380 
0487346 02 124 00001668 026 040 01 00 00 00 0001100 12/07/18 07:31:33              00 0 0001100 0000000 C 12409    380 
0487346 02 124 00001669 026 077 01 00 00 00 0004400 12/07/18 07:31:47              00 0 0004400 0000000 C 12409    380 
0487346 02 124 00001670 026 040 01 00 00 00 0001100 12/07/18 07:32:23              00 0 0001100 0000000 C 12409    380 
0487346 02 124 00001671 026 077 01 00 00 00 0004400 12/07/18 07:32:39              00 0 0004400 0000000 C 12409    380 
0487346 02 124 00001672 028 040 01 00 00 00 0001100 12/07/18 07:33:44              00 0 0001100 0000000 C 12409    380 
0487346 02 124 00001673 029 051 01 00 00 00 0001500 12/07/18 07:34:56              00 0 0001500 0000000 C 12409    380 
0487346 02 124 00001674 029 042 01 00 00 00 0001100 12/07/18 07:35:44              00 0 0001100 0000000 C 12409    380 
0487346 02 124 00001675 029 042 01 00 00 00 0001100 12/07/18 07:35:55              00 0 0001100 0000000 C 12409    380 
0487346 02 124 00001676 029 048 01 00 00 00 0001300 12/07/18 07:36:12              00 0 0001300 0000000 C 12409    380 
0487346 02 124 00001677 035 077 01 00 00 00 0004200 12/07/18 07:39:21              00 0 0004200 0000000 C 12409    380 
0487346 02 124 00001678 035 047 01 00 00 00 0001300 12/07/18 07:40:04              00 0 0001300 0000000 C 12409    380 
0487346 02 124 00001679 035 045 01 00 00 00 0001300 12/07/18 07:40:51              00 0 0001300 0000000 C 12409    380 
0487346 02 124 00001680 042 059 01 00 00 00 0001700 12/07/18 07:46:47              00 0 0001700 0000000 C 12409    380 
0487346 02 124 00001681 042 053 01 00 00 00 0001300 12/07/18 07:47:09              00 0 0001300 0000000 C 12409    380 
0487346 02 124 00001682 042 059 01 00 00 00 0001700 12/07/18 07:47:32              00 0 0001700 0000000 C 12409    380 
0487346 02 124 CARD1683 042 042 01 00 00 00 0000000 12/07/18 07:47:44 16044406     01 0 0000000 0000000 C 12409    380 
0487346 02 124 00001684 042 077 01 00 00 00 0003800 12/07/18 07:48:08              00 0 0003800 0000000 C 12409    380 
0487346 02 124 00001685 042 077 01 00 00 00 0003800 12/07/18 07:49:19              00 0 0003800 0000000 C 12409    380 
0487346 02 124 00001686 049 077 01 00 00 00 0003400 12/07/18 07:52:35              00 0 0003400 0000000 C 12409    380 
0487346 02 124 00001687 049 077 01 00 00 00 0003400 12/07/18 07:53:17              00 0 0003400 0000000 C 12409    380 
0487346 02 124 00001688 051 054 01 00 00 00 0001000 12/07/18 07:53:56              00 0 0001000 0000000 C 12409    380 
0487346 02 124 00001689 051 060 02 00 00 00 0002600 12/07/18 07:54:27              00 0 0002600 0000000 C 12409    380 
0487346 02 124 00001690 051 057 01 00 00 00 0001000 12/07/18 07:54:42              00 0 0001000 0000000 C 12409    380 
0487346 02 124 00001691 051 069 01 00 00 00 0002300 12/07/18 07:55:16              00 0 0002300 0000000 C 12409    380 
0487346 02 124 00001692 051 077 01 00 00 00 0003200 12/07/18 07:56:37              00 0 0003200 0000000 C 12409    380 
0487346 02 124 00001693 057 071 01 00 00 00 0001700 12/07/18 08:02:00              00 0 0001700 0000000 C 12409    380 
0487346 02 124 00001694 057 077 01 00 00 00 0002900 12/07/18 08:02:52              00 0 0002900 0000000 C 12409    380 
0487346 02 124 00001695 058 077 01 00 00 00 0002900 12/07/18 08:04:18              00 0 0002900 0000000 C 12409    380 
0487346 02 124 00001696 060 077 01 00 00 00 0002600 12/07/18 08:06:20              00 0 0002600 0000000 C 12409    380 
0487346 02 124 00001697 066 071 01 00 00 00 0001000 12/07/18 08:14:55              00 0 0001000 0000000 C 12409    380 
0487346 02 124 00001698 066 077 01 00 00 00 0001700 12/07/18 08:15:22              00 0 0001700 0000000 C 12409    380 
0487346 02 124 00001699 071 077 01 00 00 00 0001300 12/07/18 08:25:16              00 0 0001300 0000000 C 12409    380 
0487346 02 124 00001700 071 077 01 00 00 00 0001300 12/07/18 08:25:42              00 0 0001300 0000000 C 12409    380 
0487346 03 124 00001701 077 059 04 00 00 00 0010400 12/07/18 08:45:26              00 0 0010400 0000000 C 12409    380 
0487346 03 124 00001702 077 040 01 00 00 00 0003800 12/07/18 08:46:32              00 0 0003800 0000000 C 12409    380 
0487346 03 124 00001703 077 029 01 00 00 00 0004200 12/07/18 08:47:01              00 0 0004200 0000000 C 12409    380 
0487346 03 124 00001704 077 053 01 00 00 00 0003000 12/07/18 08:47:26              00 0 0003000 0000000 C 12409    380 
0487346 03 124 00001705 077 053 01 00 00 00 0003000 12/07/18 08:47:35              00 0 0003000 0000000 C 12409    380 
0487346 03 124 00001706 077 045 01 00 00 00 0003600 12/07/18 08:47:56              00 0 0003600 0000000 C 12409    380 
0487346 03 124 00001707 077 053 01 00 00 00 0003000 12/07/18 08:48:12              00 0 0003000 0000000 C 12409    380 
0487346 03 124 00001708 077 051 01 00 00 00 0003200 12/07/18 08:48:40              00 0 0003200 0000000 C 12409    380 
0487346 03 124 00001709 076 071 04 01 00 00 0005000 12/07/18 08:49:19              00 0 0004400 0000600 C 12409    380 
0487346 03 124 00001710 077 016 01 00 00 00 0004600 12/07/18 08:49:42              00 0 0004600 0000000 C 12409    380 
0487346 03 124 00001711 077 016 01 00 00 00 0004600 12/07/18 08:50:07              00 0 0004600 0000000 C 12409    380 
0487346 03 124 00001712 077 016 01 01 00 00 0006900 12/07/18 08:50:22              00 0 0004600 0002300 C 12409    380 
0487346 03 124 00001713 077 016 01 00 00 00 0004600 12/07/18 08:50:42              00 0 0004600 0000000 C 12409    380 
0487346 03 124 00001714 077 016 01 00 00 00 0004600 12/07/18 08:51:07              00 0 0004600 0000000 C 12409    380 
0487346 03 124 00001715 077 051 01 00 00 00 0003200 12/07/18 08:51:37              00 0 0003200 0000000 C 12409    380 
0487346 03 124 00001716 077 051 01 00 00 00 0003200 12/07/18 08:52:11              00 0 0003200 0000000 C 12409    380 
0487346 03 124 00001717 073 051 03 00 00 00 0008700 12/07/18 08:53:33              00 0 0008700 0000000 C 12409    380 
0487346 03 124 00001718 073 029 01 00 00 00 0003800 12/07/18 08:54:34              00 0 0003800 0000000 C 12409    380 
0487346 03 124 00001719 073 029 01 00 00 00 0003800 12/07/18 08:55:21              00 0 0003800 0000000 C 12409    380 
0487346 03 124 00001720 073 052 01 00 00 00 0002900 12/07/18 08:55:54              00 0 0002900 0000000 C 12409    380 
0487346 03 124 00001721 072 029 01 00 00 00 0003600 12/07/18 08:57:25              00 0 0003600 0000000 C 12409    380 
0487346 03 124 00001722 073 003 01 00 00 00 0004800 12/07/18 08:57:41              00 0 0004800 0000000 C 12409    380 
0487346 03 124 00001723 077 029 01 00 00 00 0004200 12/07/18 08:59:25              00 0 0004200 0000000 C 12409    380 
0487346 03 124 00001724 071 051 01 00 00 00 0002300 12/07/18 09:00:09              00 0 0002300 0000000 C 12409    380 
0487346 03 124 00001725 071 051 01 00 00 00 0002300 12/07/18 09:00:24              00 0 0002300 0000000 C 12409    380 
0487346 03 124 00001726 071 036 01 00 00 00 0003200 12/07/18 09:01:11              00 0 0003200 0000000 C 12409    380 
0487346 03 124 00001727 071 016 01 00 00 00 0003800 12/07/18 09:01:36              00 0 0003800 0000000 C 12409    380 
0487346 03 124 00001728 071 016 01 00 00 00 0003800 12/07/18 09:01:55              00 0 0003800 0000000 C 12409    380 
0487346 03 124 00001729 071 016 01 01 00 00 0005700 12/07/18 09:02:50              00 0 0003800 0001900 C 12409    380 
0487346 03 124 00001730 071 042 01 00 00 00 0003000 12/07/18 09:03:53              00 0 0003000 0000000 C 12409    380 
0487346 03 124 00001731 069 051 01 00 00 00 0002300 12/07/18 09:04:14              00 0 0002300 0000000 C 12409    380 
0487346 03 124 00001732 069 029 01 00 00 00 0003400 12/07/18 09:04:51              00 0 0003400 0000000 C 12409    380 
0487346 03 124 00001733 069 028 01 02 00 00 0007200 12/07/18 09:05:35              00 0 0003600 0003600 C 12409    380 
0487346 03 124 00001734 069 016 01 00 00 00 0003800 12/07/18 09:06:41              00 0 0003800 0000000 C 12409    380 
0487346 03 124 CARD1735 071 051 01 00 00 00 0002300 12/07/18 09:07:24 201506015    03 0 0000000 0000000 C 12409    380 
0487346 03 124 00001736 064 036 01 00 00 00 0002900 12/07/18 09:09:14              00 0 0002900 0000000 C 12409    380 
0487346 03 124 00001737 063 003 01 00 00 00 0004000 12/07/18 09:10:46              00 0 0004000 0000000 C 12409    380 
0487346 03 124 00001738 063 016 01 00 00 00 0003400 12/07/18 09:11:52              00 0 0003400 0000000 C 12409    380 
0487346 03 124 00001739 064 057 01 00 00 00 0001300 12/07/18 09:12:28              00 0 0001300 0000000 C 12409    380 
0487346 03 124 00001740 063 029 01 00 00 00 0003000 12/07/18 09:13:10              00 0 0003000 0000000 C 12409    380 
0487346 03 124 00001741 062 016 01 00 00 00 0003200 12/07/18 09:14:32              00 0 0003200 0000000 C 12409    380 
0487346 03 124 00001742 062 016 01 00 00 00 0003200 12/07/18 09:14:37              00 0 0003200 0000000 C 12409    380 
0487346 03 124 00001743 062 045 01 00 00 00 0001900 12/07/18 09:16:37              00 0 0001900 0000000 C 12409    380 
0487346 03 124 00001744 058 016 01 00 00 00 0002900 12/07/18 09:19:45              00 0 0002900 0000000 C 12409    380 
0487346 03 124 00001745 058 029 01 00 00 00 0002300 12/07/18 09:19:57              00 0 0002300 0000000 C 12409    380 
0487346 03 124 00001746 058 051 01 00 00 00 0001100 12/07/18 09:20:28              00 0 0001100 0000000 C 12409    380 
0487346 03 124 00001747 057 016 01 00 00 00 0002600 12/07/18 09:21:19              00 0 0002600 0000000 C 12409    380 
0487346 03 124 00001748 054 042 01 00 00 00 0001500 12/07/18 09:23:50              00 0 0001500 0000000 C 12409    380 
0487346 03 124 00001749 053 001 01 00 00 00 0003200 12/07/18 09:25:13              00 0 0003200 0000000 C 12409    380 
0487346 03 124 00001750 053 036 01 00 00 00 0001500 12/07/18 09:25:58              00 0 0001500 0000000 C 12409    380 
0487346 03 124 00001751 053 001 01 00 00 00 0003200 12/07/18 09:26:39              00 0 0003200 0000000 C 12409    380 
0487346 03 124 00001752 052 040 02 00 00 00 0002600 12/07/18 09:27:40              00 0 0002600 0000000 C 12409    380 
0487346 03 124 00001753 052 029 01 00 00 00 0001700 12/07/18 09:28:37              00 0 0001700 0000000 C 12409    380 
0487346 03 124 00001754 052 040 01 00 00 00 0001300 12/07/18 09:29:08              00 0 0001300 0000000 C 12409    380 
0487346 03 124 00001755 052 008 00 01 00 00 0001500 12/07/18 09:30:40              00 0 0000000 0001500 C 12409    380 
0487346 03 124 00001756 051 001 01 00 00 00 0003000 12/07/18 09:31:03              00 0 0003000 0000000 C 12409    380 
0487346 03 124 00001757 042 029 01 00 00 00 0001100 12/07/18 09:38:25              00 0 0001100 0000000 C 12409    380 
0487346 03 124 00001758 040 016 01 00 00 00 0001300 12/07/18 09:41:39              00 0 0001300 0000000 C 12409    380 
0487346 03 124 00001759 040 016 01 00 00 00 0001300 12/07/18 09:42:00              00 0 0001300 0000000 C 12409    380 
0487346 03 124 00001760 040 016 01 00 00 00 0001300 12/07/18 09:42:19              00 0 0001300 0000000 C 12409    380 
0487346 03 124 00001761 040 016 02 00 00 00 0002600 12/07/18 09:42:32              00 0 0002600 0000000 C 12409    380 
0487346 03 124 00001762 040 016 01 00 00 00 0001300 12/07/18 09:43:09              00 0 0001300 0000000 C 12409    380 
0487346 03 124 00001763 040 025 01 00 00 00 0001100 12/07/18 09:43:55              00 0 0001100 0000000 C 12409    380 
0487346 03 124 00001764 040 016 01 00 00 00 0001300 12/07/18 09:44:07              00 0 0001300 0000000 C 12409    380 
0487346 03 124 00001765 040 016 01 00 00 00 0001300 12/07/18 09:44:45              00 0 0001300 0000000 C 12409    380 
0487346 03 124 00001766 040 012 01 00 00 00 0001500 12/07/18 09:44:55              00 0 0001500 0000000 C 12409    380 
0487346 03 124 00001767 040 029 01 00 00 00 0001000 12/07/18 09:45:52              00 0 0001000 0000000 C 12409    380 
0487346 03 124 CARD1768 040 040 01 00 00 00 0000000 12/07/18 09:46:04 5925         02 0 0000000 0000000 C 12409    380 
0487346 03 124 00001769 040 016 01 00 00 00 0001300 12/07/18 09:46:25              00 0 0001300 0000000 C 12409    380 
0487346 03 124 00001770 040 016 02 00 00 00 0002600 12/07/18 09:46:36              00 0 0002600 0000000 C 12409    380 
0487346 03 124 00001771 040 016 01 00 00 00 0001300 12/07/18 09:47:22              00 0 0001300 0000000 C 12409    380 
0487346 03 124 00001772 040 016 01 00 00 00 0001300 12/07/18 09:47:56              00 0 0001300 0000000 C 12409    380 
0487346 03 124 00001773 040 016 01 00 00 00 0001300 12/07/18 09:48:09              00 0 0001300 0000000 C 12409    380 
0487346 03 124 00001774 035 025 01 00 00 00 0001000 12/07/18 09:48:29              00 0 0001000 0000000 C 12409    380 
0487346 03 124 00001775 035 016 01 00 00 00 0001100 12/07/18 09:48:41              00 0 0001100 0000000 C 12409    380 
0487346 03 124 00001776 035 016 01 00 00 00 0001100 12/07/18 09:48:53              00 0 0001100 0000000 C 12409    380 
0487346 03 124 00001777 035 016 01 00 00 00 0001100 12/07/18 09:49:05              00 0 0001100 0000000 C 12409    380 
0487346 03 124 00001778 040 016 02 01 00 00 0003300 12/07/18 09:49:32              00 0 0002600 0000700 C 12409    380 
0487346 03 124 00001779 035 016 01 00 00 00 0001100 12/07/18 09:50:04              00 0 0001100 0000000 C 12409    380 
0487346 03 124 00001780 040 016 01 00 00 00 0001300 12/07/18 09:50:23              00 0 0001300 0000000 C 12409    380 
0487346 03 124 00001781 035 016 01 00 00 00 0001100 12/07/18 09:50:30              00 0 0001100 0000000 C 12409    380 
0487346 03 124 00001782 035 016 01 00 00 00 0001100 12/07/18 09:50:48              00 0 0001100 0000000 C 12409    380 
0487346 03 124 CARD1783 040 012 02 00 00 00 0003000 12/07/18 09:51:07 201506015    03 0 0000000 0000000 C 12409    380 
0487346 03 124 00001784 040 016 01 00 00 00 0001300 12/07/18 09:51:30              00 0 0001300 0000000 C 12409    380 
0487346 03 124 00001785 035 016 01 00 00 00 0001100 12/07/18 09:51:43              00 0 0001100 0000000 C 12409    380 
0487346 03 124 00001786 040 016 01 00 00 00 0001300 12/07/18 09:51:54              00 0 0001300 0000000 C 12409    380 
0487346 03 124 00001787 035 016 01 00 00 00 0001100 12/07/18 09:52:04              00 0 0001100 0000000 C 12409    380 
0487346 03 124 00001788 035 016 01 00 00 00 0001100 12/07/18 09:52:32              00 0 0001100 0000000 C 12409    380 
0487346 03 124 00001789 040 016 01 00 00 00 0001300 12/07/18 09:52:49              00 0 0001300 0000000 C 12409    380 
0487346 03 124 00001790 040 016 01 00 00 00 0001300 12/07/18 09:53:10              00 0 0001300 0000000 C 12409    380 
0487346 03 124 00001791 035 016 01 00 00 00 0001100 12/07/18 09:53:23              00 0 0001100 0000000 C 12409    380 
0487346 03 124 00001792 035 016 01 00 00 00 0001100 12/07/18 09:53:50              00 0 0001100 0000000 C 12409    380 
0487346 03 124 00001793 040 016 02 00 00 00 0002600 12/07/18 09:54:15              00 0 0002600 0000000 C 12409    380 
0487346 03 124 00001794 035 016 02 00 00 00 0002200 12/07/18 09:54:43              00 0 0002200 0000000 C 12409    380 
0487346 03 124 00001795 029 016 01 00 00 00 0001000 12/07/18 09:56:08              00 0 0001000 0000000 C 12409    380 
0487346 03 124 00001796 029 008 01 00 00 00 0001300 12/07/18 09:56:16              00 0 0001300 0000000 C 12409    380 
0487346 03 124 00001797 035 001 01 00 00 00 0001900 12/07/18 09:56:39              00 0 0001900 0000000 C 12409    380 
0487346 03 124 00001798 035 016 01 00 00 00 0001100 12/07/18 09:57:10              00 0 0001100 0000000 C 12409    380 
0487346 03 124 00001799 035 016 01 00 00 00 0001100 12/07/18 09:57:29              00 0 0001100 0000000 C 12409    380 
0487346 03 124 00001800 035 016 01 00 00 00 0001100 12/07/18 09:57:47              00 0 0001100 0000000 C 12409    380 
0487346 03 124 00001801 035 016 01 00 00 00 0001100 12/07/18 09:59:03              00 0 0001100 0000000 C 12409    380 
0487346 03 124 00001802 029 003 01 00 00 00 0001500 12/07/18 09:59:14              00 0 0001500 0000000 C 12409    380 
0487346 03 124 00001803 029 016 01 00 00 00 0001000 12/07/18 09:59:24              00 0 0001000 0000000 C 12409    380 
0487346 03 124 00001804 035 016 01 00 00 00 0001100 12/07/18 09:59:39              00 0 0001100 0000000 C 12409    380 
0487346 03 124 00001805 029 016 01 00 00 00 0001000 12/07/18 09:59:52              00 0 0001000 0000000 C 12409    380 
0487346 03 124 00001806 029 016 01 00 00 00 0001000 12/07/18 10:00:16              00 0 0001000 0000000 C 12409    380 
0487346 03 124 00001807 029 016 01 00 00 00 0001000 12/07/18 10:00:30              00 0 0001000 0000000 C 12409    380 
0487346 03 124 00001808 036 012 01 00 00 00 0001300 12/07/18 10:00:46              00 0 0001300 0000000 C 12409    380 
0487346 03 124 00001809 029 016 02 00 00 00 0002000 12/07/18 10:01:35              00 0 0002000 0000000 C 12409    380 
0487346 03 124 00001810 029 016 01 00 00 00 0001000 12/07/18 10:01:49              00 0 0001000 0000000 C 12409    380 
0487346 03 124 00001811 029 016 01 00 00 00 0001000 12/07/18 10:05:53              00 0 0001000 0000000 C 12409    380 
0487346 03 124 00001812 029 016 01 00 00 00 0001000 12/07/18 10:06:34              00 0 0001000 0000000 C 12409    380 
0487346 03 124 00001813 029 016 02 00 00 00 0002000 12/07/18 10:06:42              00 0 0002000 0000000 C 12409    380 
0487346 03 124 00001814 029 016 01 00 00 00 0001000 12/07/18 10:06:55              00 0 0001000 0000000 C 12409    380 
0487346 03 124 00001815 029 016 01 00 00 00 0001000 12/07/18 10:07:10              00 0 0001000 0000000 C 12409    380 
0487346 03 124 00001816 022 016 00 01 00 00 0000400 12/07/18 10:50:21              00 0 0000000 0000400 C 12409    380 
0487346 03 124 00001817 022 016 00 01 00 00 0000400 12/07/18 10:51:29              00 0 0000000 0000400 C 12409    380 
0487346 04 124 00001818 016 036 01 00 00 00 0001100 12/07/18 11:28:53              00 0 0001100 0000000 C 12409    380 
0487346 04 124 00001819 016 036 01 00 00 00 0001100 12/07/18 11:29:13              00 0 0001100 0000000 C 12409    380 
0487346 04 124 00001820 016 040 00 01 00 00 0000700 12/07/18 11:29:27              00 0 0000000 0000700 C 12409    380 
0487346 04 124 00001821 016 036 02 00 00 00 0002200 12/07/18 11:29:38              00 0 0002200 0000000 C 12409    380 
0487346 04 124 00001822 016 036 01 00 00 00 0001100 12/07/18 11:30:17              00 0 0001100 0000000 C 12409    380 
0487346 04 124 00001823 016 029 01 00 00 00 0001000 12/07/18 11:30:40              00 0 0001000 0000000 C 12409    380 
0487346 04 124 00001824 016 077 01 00 00 00 0004600 12/07/18 11:31:05              00 0 0004600 0000000 C 12409    380 
0487346 04 124 00001825 016 040 02 00 00 00 0002600 12/07/18 11:31:21              00 0 0002600 0000000 C 12409    380 
0487346 04 124 00001826 016 059 01 00 00 00 0002900 12/07/18 11:31:47              00 0 0002900 0000000 C 12409    380 
0487346 04 124 00001827 016 077 01 00 00 00 0004600 12/07/18 11:32:03              00 0 0004600 0000000 C 12409    380 
0487346 04 124 00001828 016 036 01 00 00 00 0001100 12/07/18 11:32:15              00 0 0001100 0000000 C 12409    380 
0487346 04 124 00001829 016 034 01 00 00 00 0001100 12/07/18 11:32:38              00 0 0001100 0000000 C 12409    380 
0487346 04 124 00001830 016 077 01 00 00 00 0004600 12/07/18 11:32:49              00 0 0004600 0000000 C 12409    380 
0487346 04 124 00001831 016 049 03 00 00 00 0005700 12/07/18 11:33:07              00 0 0005700 0000000 C 12409    380 
0487346 04 124 00001832 016 036 01 00 00 00 0001100 12/07/18 11:33:27              00 0 0001100 0000000 C 12409    380 
0487346 04 124 00001833 016 036 01 00 00 00 0001100 12/07/18 11:33:33              00 0 0001100 0000000 C 12409    380 
0487346 04 124 00001834 016 036 01 00 00 00 0001100 12/07/18 11:33:41              00 0 0001100 0000000 C 12409    380 
0487346 04 124 00001835 016 036 01 00 00 00 0001100 12/07/18 11:33:49              00 0 0001100 0000000 C 12409    380 
0487346 04 124 00001836 016 077 01 00 00 00 0004600 12/07/18 11:34:03              00 0 0004600 0000000 C 12409    380 
0487346 04 124 00001837 016 029 01 00 00 00 0001000 12/07/18 11:34:20              00 0 0001000 0000000 C 12409    380 
0487346 04 124 00001838 016 059 01 00 00 00 0002900 12/07/18 11:34:37              00 0 0002900 0000000 C 12409    380 
0487346 04 124 00001839 016 040 01 00 00 00 0001300 12/07/18 11:34:47              00 0 0001300 0000000 C 12409    380 
0487346 04 124 00001840 016 069 01 00 00 00 0003800 12/07/18 11:35:01              00 0 0003800 0000000 C 12409    380 
0487346 04 124 00001841 016 029 01 00 00 00 0001000 12/07/18 11:35:11              00 0 0001000 0000000 C 12409    380 
0487346 04 124 00001842 016 053 01 00 00 00 0002300 12/07/18 11:35:23              00 0 0002300 0000000 C 12409    380 
0487346 04 124 00001843 016 029 01 00 00 00 0001000 12/07/18 11:35:35              00 0 0001000 0000000 C 12409    380 
0487346 04 124 00001844 016 029 01 00 00 00 0001000 12/07/18 11:35:42              00 0 0001000 0000000 C 12409    380 
0487346 04 124 00001845 016 040 01 00 00 00 0001300 12/07/18 11:35:55              00 0 0001300 0000000 C 12409    380 
0487346 04 124 00001846 016 029 01 00 00 00 0001000 12/07/18 11:36:11              00 0 0001000 0000000 C 12409    380 
0487346 04 124 00001847 016 040 02 00 00 00 0002600 12/07/18 11:36:22              00 0 0002600 0000000 C 12409    380 
0487346 04 124 00001848 016 059 01 00 00 00 0002900 12/07/18 11:36:49              00 0 0002900 0000000 C 12409    380 
0487346 04 124 00001849 016 077 01 00 00 00 0004600 12/07/18 11:36:59              00 0 0004600 0000000 C 12409    380 
0487346 04 124 00001850 016 036 01 00 00 00 0001100 12/07/18 11:37:36              00 0 0001100 0000000 C 12409    380 
0487346 04 124 00001851 016 071 06 01 00 00 0024700 12/07/18 11:37:49              00 0 0022800 0001900 C 12409    380 
0487346 04 124 00001852 016 036 01 00 00 00 0001100 12/07/18 11:39:08              00 0 0001100 0000000 C 12409    380 
0487346 04 124 00001853 016 029 01 00 00 00 0001000 12/07/18 11:39:20              00 0 0001000 0000000 C 12409    380 
0487346 04 124 00001854 016 040 01 00 00 00 0001300 12/07/18 11:39:28              00 0 0001300 0000000 C 12409    380 
0487346 04 124 00001855 016 077 01 00 00 00 0004600 12/07/18 11:39:48              00 0 0004600 0000000 C 12409    380 
0487346 04 124 00001856 016 077 01 00 00 00 0004600 12/07/18 11:40:08              00 0 0004600 0000000 C 12409    380 
0487346 04 124 00001857 016 036 02 00 00 00 0002200 12/07/18 11:40:19              00 0 0002200 0000000 C 12409    380 
0487346 04 124 00001858 016 040 02 00 00 00 0002600 12/07/18 11:40:50              00 0 0002600 0000000 C 12409    380 
0487346 04 124 00001859 016 035 01 00 00 00 0001100 12/07/18 11:41:03              00 0 0001100 0000000 C 12409    380 
0487346 04 124 00001860 016 057 01 00 00 00 0002600 12/07/18 11:41:24              00 0 0002600 0000000 C 12409    380 
0487346 04 124 00001861 016 029 01 00 00 00 0001000 12/07/18 11:42:42              00 0 0001000 0000000 C 12409    380 
0487346 04 124 00001862 022 026 02 00 00 00 0002000 12/07/18 12:27:58              00 0 0002000 0000000 C 12409    380 
0487346 04 124 00001863 022 040 01 00 00 00 0001300 12/07/18 12:28:14              00 0 0001300 0000000 C 12409    380 
0487346 04 124 00001864 022 029 01 00 00 00 0001000 12/07/18 12:29:23              00 0 0001000 0000000 C 12409    380 
0487346 04 124 00001865 022 036 01 00 00 00 0001100 12/07/18 12:32:25              00 0 0001100 0000000 C 12409    380 
0487346 04 124 00001866 024 029 01 00 00 00 0001000 12/07/18 12:35:07              00 0 0001000 0000000 C 12409    380 
0487346 04 124 00001867 024 029 02 00 00 00 0002000 12/07/18 12:35:22              00 0 0002000 0000000 C 12409    380 
0487346 04 124 00001868 024 029 01 00 00 00 0001000 12/07/18 12:36:43              00 0 0001000 0000000 C 12409    380 
0487346 04 124 00001869 024 025 01 00 00 00 0000700 12/07/18 12:37:07              00 0 0000700 0000000 C 12409    380 
0487346 04 124 00001870 024 036 01 00 00 00 0001100 12/07/18 12:43:41              00 0 0001100 0000000 C 12409    380 
0487346 04 124 00001871 024 028 01 00 00 00 0001000 12/07/18 12:44:05              00 0 0001000 0000000 C 12409    380 
0487346 04 124 00001872 025 036 01 00 00 00 0001000 12/07/18 12:45:50              00 0 0001000 0000000 C 12409    380 
0487346 04 124 00001873 026 077 01 00 00 00 0004400 12/07/18 12:49:29              00 0 0004400 0000000 C 12409    380 
0487346 04 124 00001874 027 040 01 00 00 00 0001100 12/07/18 12:50:30              00 0 0001100 0000000 C 12409    380 
0487346 04 124 00001875 027 042 01 00 00 00 0001300 12/07/18 12:50:44              00 0 0001300 0000000 C 12409    380 
0487346 04 124 00001876 029 063 01 00 00 00 0003000 12/07/18 12:54:20              00 0 0003000 0000000 C 12409    380 
0487346 04 124 00001877 035 071 01 00 00 00 0003400 12/07/18 12:59:30              00 0 0003400 0000000 C 12409    380 
0487346 04 124 00001878 037 045 02 00 00 00 0002200 12/07/18 13:00:58              00 0 0002200 0000000 C 12409    380 
0487346 04 124 00001879 042 060 02 00 00 00 0003800 12/07/18 13:07:37              00 0 0003800 0000000 C 12409    380 
0487346 04 124 00001880 042 059 01 00 00 00 0001700 12/07/18 13:08:11              00 0 0001700 0000000 C 12409    380 
0487346 04 124 00001881 042 059 01 00 00 00 0001700 12/07/18 13:08:38              00 0 0001700 0000000 C 12409    380 
0487346 04 124 00001882 042 077 01 00 00 00 0003800 12/07/18 13:09:05              00 0 0003800 0000000 C 12409    380 
0487346 04 124 00001883 045 063 01 00 00 00 0002300 12/07/18 13:09:38              00 0 0002300 0000000 C 12409    380 
0487346 04 124 00001884 049 053 01 00 00 00 0001000 12/07/18 13:12:20              00 0 0001000 0000000 C 12409    380 
0487346 04 124 00001885 051 060 01 00 00 00 0001300 12/07/18 13:14:57              00 0 0001300 0000000 C 12409    380 
0487346 04 124 00001886 051 077 02 00 00 00 0006400 12/07/18 13:15:20              00 0 0006400 0000000 C 12409    380 
0487346 04 124 00001887 051 060 01 00 00 00 0001300 12/07/18 13:16:27              00 0 0001300 0000000 C 12409    380 
0487346 04 124 00001888 052 077 01 00 00 00 0003200 12/07/18 13:17:51              00 0 0003200 0000000 C 12409    380 
0487346 04 124 00001889 052 077 01 00 00 00 0003200 12/07/18 13:18:41              00 0 0003200 0000000 C 12409    380 
0487346 04 124 00001890 053 077 01 00 00 00 0003000 12/07/18 13:20:12              00 0 0003000 0000000 C 12409    380 
0487346 04 124 00001891 058 077 01 00 00 00 0002900 12/07/18 13:25:34              00 0 0002900 0000000 C 12409    380 
0487346 04 124 00001892 060 077 01 00 00 00 0002600 12/07/18 13:26:11              00 0 0002600 0000000 C 12409    380 
0487346 04 124 00001893 059 071 01 00 00 00 0001500 12/07/18 13:26:35              00 0 0001500 0000000 C 12409    380 
0487346 05 124 00001894 077 060 01 00 00 00 0002600 12/07/18 14:12:31              00 0 0002600 0000000 C 12409    380 
0487346 05 124 00001895 077 016 02 01 00 00 0011500 12/07/18 14:13:09              00 0 0009200 0002300 C 12409    380 
0487346 05 124 CARD1896 077 077 01 00 00 00 0000000 12/07/18 14:14:55 16046318     01 0 0000000 0000000 C 12409    380 
0487346 05 124 00001897 071 067 01 00 00 00 0000700 12/07/18 14:26:35              00 0 0000700 0000000 C 12409    380 
0487346 05 124 00001898 069 059 02 00 00 00 0003000 12/07/18 14:30:46              00 0 0003000 0000000 C 12409    380 
0487346 05 124 00001899 059 035 01 00 00 00 0002300 12/07/18 14:44:57              00 0 0002300 0000000 C 12409    380 
0487346 05 124 00001900 055 016 01 00 00 00 0002600 12/07/18 14:49:24              00 0 0002600 0000000 C 12409    380 
0487346 05 124 00001901 052 026 01 00 00 00 0001900 12/07/18 14:52:29              00 0 0001900 0000000 C 12409    380 
0487346 05 124 00001902 048 016 01 00 00 00 0001700 12/07/18 14:58:16              00 0 0001700 0000000 C 12409    380 
0487346 05 124 00001903 038 016 01 00 00 00 0001300 12/07/18 15:05:15              00 0 0001300 0000000 C 12409    380 
0487346 05 124 00001904 037 016 01 00 00 00 0001300 12/07/18 15:06:01              00 0 0001300 0000000 C 12409    380 
0487346 05 124 00001905 037 016 02 00 00 00 0002600 12/07/18 15:06:28              00 0 0002600 0000000 C 12409    380 
0487346 05 124 CARD1906 035 016 00 01 00 00 0000600 12/07/18 15:08:24 201604589    03 0 0000000 0000000 C 12409    380 
0487346 05 124 00001907 035 016 01 00 00 00 0001100 12/07/18 15:08:45              00 0 0001100 0000000 C 12409    380 
0487346 05 124 00001908 028 016 01 00 00 00 0001000 12/07/18 15:12:35              00 0 0001000 0000000 C 12409    380 
0487346 05 124 00001909 028 016 01 00 00 00 0001000 12/07/18 15:12:50              00 0 0001000 0000000 C 12409    380 
0487346 05 124 00001910 028 016 01 00 00 00 0001000 12/07/18 15:13:12              00 0 0001000 0000000 C 12409    380 
0487346 05 124 00001911 026 016 01 00 00 00 0001000 12/07/18 15:19:15              00 0 0001000 0000000 C 12409    380 
0487346 05 124 00001912 026 016 03 00 00 00 0003000 12/07/18 15:20:12              00 0 0003000 0000000 C 12409    380